"lat_lon","AL","AD","AT","BY","BE","BA","BG","HR","CZ","DK","EE","FI","FR","DE","VA","HU","IS","IE","IT","LV","LI","LT","LU","MK","MT","MD","MC","ME","NL","NO","PL","PT","RO","RU","SM","RS","SK","SI","ES","SE","CH","TR","UA","GB","GR"
0,"(41.141353306048785, 20.03242643144321)","(42.3, 1.3)","(47.6139487927463, 14.076158884337072)","(53.50634479481114, 27.98135261544803)","(50.65244095902296, 4.580834113854935)","(44.1807677629747, 17.816883270390086)","(42.7531187620217, 25.19511095327711)","(45.1, 15.3)","(49.775245294369, 15.334558102365815)","(56.06393446179454, 9.876372937675002)","(58.643695426630906, 25.824725613026608)","(64.50409403963651, 26.211764610296353)","(46.0, 2.0)","(51.13372269040778, 10.288485092742851)","(41.54, 12.27)","(47.19995117195427, 19.357628627745918)","(65.07427633529105, -18.761028770831768)","(53.18059120995006, -8.010236544877012)","(42.751183052964265, 12.140788372235871)","(56.80717513427924, 24.833296149803438)","(47.16, 9.32)","(55.284319484766066, 23.88064027584349)","(49.76570507415103, 5.965223432343999)","(41.60592964714007, 21.697903375280845)","(35.5, 14.35)","(47.20367642606752, 28.41048279080328)","(43.44, 7.24)","(42.78903960655908, 19.2861817215929)","(52.298700374441786, 5.512217100965399)","(62.0, 10.0)","(52.14826021933187, 19.31101430844868)","(39.63404977497817, -8.055765588295687)","(45.857101035738005, 24.943252494635377)","(55.76, 37.62)","(43.46, 12.25)","(44.23303653365162, 20.819651926382583)","(48.7267113517275, 19.507657147433708)","(46.12542205901039, 14.938152320795732)","(40.348656106226734, -3.6170206023873743)","(62.811484968080336, 16.59626584684802)","(46.79173768366762, 8.118300613385486)","(39.06837194061471, 35.116900150938406)","(49.14882260840351, 31.229122070266495)","(53.91477348053706, -2.8531353951805545)","(39.066715899713955, 22.719813447095053)"
"(41.141353306048785, 20.03242643144321)",0,1560.89691990924,861.159413367691,1498.06347192834,1592.84105248651,383.360189288896,463.906663885288,584.365929724489,1026.99406199311,1816.13765016785,1988.89820937163,2630.04301539675,1549.28809326747,1339.28924053167,651.004742259425,675.356786407085,3613.32230628007,2487.8444048624,678.073261844331,1776.17574463964,1085.40650173679,1597.7775193192,1455.01909883212,148.574348656798,799.00645834892,949.049429139489,1084.27559105981,193.18256324211,1658.33284313051,2416.07139100256,1224.79803925177,2380.45544270107,657.173585355651,2069.58413278578,691.140528441817,349.446687374876,843.975920859044,689.345559570069,1993.19781639244,2421.81264261363,1141.89745212856,1304.8438777382,1249.4144908092,2215.57079687669,324.881849124436
"(42.3, 1.3)",1560.89691990924,0,1166.19736430331,2330.81557668027,961.782587775113,1355.33456374352,1957.39607097125,1168.92239529942,1364.01764389162,1650.49978538365,2489.44225081529,2932.7390284153,414.917878168998,1196.65783928072,913.27556850844,1525.76367903982,2831.3247086861,1394.15862928369,891.532283653379,2323.68553700666,833.08000036326,2181.5971625204,904.565057057132,1688.93367736632,1358.2309518063,2202.62791309257,501.497705642695,1475.59473155571,1155.85160293779,2266.68972114959,1740.85803789675,840.782756794793,1927.0809011637,2999.64592972914,903.163358963712,1595.3791701986,1586.48768265365,1168.00694420602,465.113070982305,2492.14019716489,736.177738048892,2862.12749792439,2432.52350199775,1327.39360336793,1840.82213221479
"(47.6139487927463, 14.076158884337072)",861.159413367691,1166.19736430331,0,1180.24495207314,770.16529910392,479.34371464239,1025.89050010873,294.882833688876,257.570573158241,983.264781821756,1453.14368813581,2018.61261351237,938.042246497959,478.295635845579,689.979561242071,401.195907031467,2752.71875953621,1679.58532474459,561.373522834273,1256.63019811891,362.583893713075,1090.01837196822,642.903704876975,900.10882693307,1345.62989772941,1081.28677902414,706.906812322147,674.270666098419,804.785032679177,1621.94110070826,628.862947477918,1984.60570299213,852.446968676582,1850.28172841825,483.171867705439,643.696597990061,422.405574285589,178.046340850074,1627.50516154931,1699.13356912777,460.450590250169,1943.45333603934,1279.17662111884,1379.76664098543,1178.64648582962
"(53.50634479481114, 27.98135261544803)",1498.06347192834,2330.81557668027,1180.24495207314,0,1627.5739543454,1274.84704631926,1213.28369133674,1309.54977322037,967.123642029526,1195.2759599154,587.481520132395,1229.1715217781,2035.02023203609,1231.52665104617,1772.53996842169,930.75766368729,2870.95613253364,2371.77076718664,1672.20850930548,418.587428869259,1498.25334971762,331.743057515916,1572.95117916292,1403.71818577442,2266.72527805049,701.742956798985,1887.14188009992,1353.70239938408,1511.53149320853,1419.99050649304,603.222117907036,3116.77653072349,878.353007824463,670.373719626681,1605.90609047748,1156.00491721762,795.77737203601,1243.60187463226,2781.87902331938,1230.28737404539,1596.61279718966,1694.37270964647,534.903976469229,2020.39171598222,1654.33300338915
"(50.65244095902296, 4.580834113854935)",1592.84105248651,961.782587775113,770.16529910392,1627.5739543454,0,1228.05266110689,1795.82347698166,1010.29140812717,773.047570467024,697.40740896174,1623.69526451019,1992.83475144367,551.508671902133,405.031756292555,1173.03752067593,1146.51741593964,2096.0322909401,909.438385261708,1050.32595234174,1494.15921117466,520.887264940885,1389.67553149917,139.61930236012,1654.94083186385,1858.09283082968,1779.48372597609,826.741326452924,1419.73297167534,194.249150147865,1306.11527129119,1036.65127134343,1572.54850488738,1597.1325119069,2255.9014517239,988.229397457543,1413.1294972232,1096.15609073972,916.223678477687,1310.35948215876,1535.0725257356,501.925550049045,2708.1454696452,1911.37508152584,623.29873994949,1917.465470025
"(44.1807677629747, 17.816883270390086)",383.360189288896,1355.33456374352,479.34371464239,1274.84704631926,1228.05266110689,0,617.517690927614,224.281887824151,649.887132877923,1436.34591340821,1699.92183456373,2322.38384813185,1259.28415184607,956.744471248569,539.774818527977,356.363855921985,3230.22548501409,2132.53356313591,485.881423324846,1488.271130827,739.724127234063,1308.83487134426,1092.88035088524,426.890166940327,1008.22315896578,890.006266350525,854.399795081274,195.022388706583,1281.29274745072,2047.50958373746,892.823490496538,2195.39150497564,591.545464834852,1905.02328612216,454.853133295148,240.058999339989,521.719044013511,312.93288916657,1813.25894225771,2074.95510718273,811.158681725186,1545.73681343047,1163.24970196062,1847.55188403538,699.394507221902
"(42.7531187620217, 25.19511095327711)",463.906663885288,1957.39607097125,1025.89050010873,1213.28369133674,1795.82347698166,617.517690927614,0,835.66739413578,1087.79783636341,1842.49628150025,1768.22565745172,2421.61740755096,1876.41551349369,1463.5521860225,1075.77520784796,675.068287413581,3680.86799683623,2705.02154423849,1067.66265398553,1563.359002863,1341.95988199325,1396.83541140744,1668.30922347638,315.748098241766,1234.21802352192,555.706272644552,1460.9396151506,483.522206137548,1813.362622149,2364.75351865743,1133.96340932308,2792.51437271805,345.493393018939,1700.2748143889,1055.58273814078,390.172373968697,797.444045480318,897.552857653464,2406.7973150334,2301.49528447337,1420.90988297852,929.856369850987,850.386042561337,2398.12813014596,459.3832777878
"(45.1, 15.3)",584.365929724489,1168.92239529942,294.882833688876,1309.54977322037,1010.29140812717,224.281887824151,835.66739413578,0,519.797139861419,1277.70036857602,1667.60859665057,2263.5402962556,1042.15825816713,767.259824600802,465.576396229456,390.739746186589,3039.46548524269,1911.43006442685,363.91497849667,1461.37121429211,515.566971165728,1285.71051575706,873.583478887541,647.531758215907,1069.02496632836,1038.08425465548,669.10455176392,410.20626741799,1075.12071498301,1911.85033651618,837.372521332156,2009.15784199302,758.192300827726,1965.48703908172,304.083475348253,448.10325198848,514.896404544639,117.411850412154,1632.24173860947,1973.05245117002,587.491910898905,1765.42565170247,1286.75932238523,1632.13309456564,908.05985114427
"(49.775245294369, 15.334558102365815)",1026.99406199311,1364.01764389162,257.570573158241,967.123642029526,773.047570467024,649.887132877923,1087.79783636341,519.797139861419,0,789.706764490327,1198.1989168543,1761.64106000238,1080.0749125058,388.812879308255,945.734864907723,412.738782950877,2608.45361570229,1657.46557081521,818.470308558452,1004.91491412763,531.152317967785,842.735358023437,674.496231521794,1033.56305336904,1587.79963346644,1006.43757591278,937.271122464335,833.839186286689,743.195926803534,1400.25498917044,384.261462506268,2155.70591606524,840.236821594727,1635.64255603526,740.544074230114,743.606072627418,325.370746396042,406.898459801383,1815.23512461037,1453.55471327438,629.573140015285,1963.94956667405,1152.17722535266,1330.78253951299,1325.78334593919
"(56.06393446179454, 9.876372937675002)",1816.13765016785,1650.49978538365,983.264781821756,1195.2759599154,697.40740896174,1436.34591340821,1842.49628150025,1277.70036857602,789.706764490327,0,999.313203416749,1296.80864196838,1246.63005724754,549.394474131613,1624.42720727919,1182.36016761967,1839.21053032785,1195.2899968883,1489.48570876006,924.52064335774,991.387686729001,883.826932768012,748.345468412377,1821.24701815196,2310.75152786051,1609.55055421139,1416.60449671754,1623.1047739156,506.568930779617,661.287076510496,754.465871221189,2252.19507160955,1545.77926097997,1723.56397833659,1412.03136270567,1526.72031352232,1045.09029253198,1160.34097214115,2006.65322255761,841.843160861135,1038.71775388139,2650.29049791534,1629.05052016618,847.821633673482,2114.59385201457
"(58.643695426630906, 25.824725613026608)",1988.89820937163,2489.44225081529,1453.14368813581,587.481520132395,1623.69526451019,1699.92183456373,1768.22565745172,1667.60859665057,1198.1989168543,999.313203416749,0,653.391998443777,2128.32481421524,1295.66499267161,2126.0995173218,1344.22089008671,2396.2117007466,2175.3005251584,2006.12105230066,212.892150128327,1683.82892253138,392.301815418137,1619.28268430947,1917.0521862048,2707.65873577175,1284.66548017504,2120.07391500883,1821.04763988347,1457.77539595741,947.92515164823,831.752622051682,3193.25404856839,1424.01797444955,780.551597351538,1930.51559236244,1639.46713948091,1178.75762594126,1573.35259654888,2903.89851615056,683.868077161995,1769.81562928358,2276.11682286767,1114.03127646866,1836.65993937714,2188.38380254792
"(64.50409403963651, 26.211764610296353)",2630.04301539675,2932.7390284153,2018.61261351237,1229.1715217781,1992.83475144367,2322.38384813185,2421.61740755096,2263.5402962556,1761.64106000238,1296.80864196838,653.391998443777,0,2537.8493811607,1753.2457080801,2707.12086198671,1971.09250823235,2094.01680565639,2300.94565510134,2579.96668282466,860.864929105751,2186.10703041296,1035.24679369669,2029.22199022891,2564.57126167062,3323.52865067138,1930.79335798503,2630.51152039624,2456.36780247008,1803.32653379694,858.072461769636,1432.36016374515,3543.73817290871,2077.31991947738,1158.53581935051,2501.73858687902,2281.43726804431,1801.99060013186,2159.92715063972,3303.05384639629,511.631491102802,2258.71770910796,2889.46703453794,1735.77907037267,2007.74257848928,2839.38218759641
"(46.0, 2.0)",1549.28809326747,414.917878168998,938.042246497959,2035.02023203609,551.508671902133,1259.28415184607,1876.41551349369,1042.15825816713,1080.0749125058,1246.63005724754,2128.32481421524,2537.8493811607,0,835.777071228126,962.87972937627,1333.85777747614,2469.25135362099,1075.80416856535,884.312564398222,1976.6236042206,575.467520874349,1848.27687031431,512.933016834075,1653.60106135352,1560.69346985853,2018.28623351316,503.110131213358,1419.54339695883,745.653873755218,1853.18500118055,1432.69033381666,1083.11496807047,1773.4364994706,2693.86371774436,858.873110910549,1490.25902266568,1353.53029315769,1000.09014254856,775.94121817912,2086.24887329715,478.580813852771,2804.95539059076,2212.58433363382,946.166329390079,1861.13016311096
"(51.13372269040778, 10.288485092742851)",1339.28924053167,1196.65783928072,478.295635845579,1231.52665104617,405.031756292555,956.744471248569,1463.5521860225,767.259824600802,388.812879308255,549.394474131613,1295.66499267161,1753.2457080801,835.777071228126,0,1077.16507418637,792.110637621915,2274.44135787722,1269.18926146439,942.410559081939,1140.87445473206,447.529253148456,1016.50637696852,342.624310917123,1372.36983308934,1767.16040367508,1387.69409136916,885.693529929942,1151.2431192746,354.545572857948,1210.095492121,634.274465451153,1913.16583384143,1228.73963426232,1873.71665184533,865.854065674341,1099.72431061451,713.399583580533,653.641189191891,1609.54948031638,1354.24644003638,508.284572993131,2351.53869616497,1507.87233204695,942.448601204163,1655.1822475038
"(41.54, 12.27)",651.004742259425,913.27556850844,689.979561242071,1772.53996842169,1173.03752067593,539.774818527977,1075.77520784796,465.576396229456,945.734864907723,1624.42720727919,2126.0995173218,2707.12086198671,962.87972937627,1077.16507418637,0,844.683984212866,3268.59837213752,1992.97932242925,134.956773918469,1922.25411343937,667.183787788933,1748.15852151852,1037.06255466271,785.952413724886,694.51917705345,1428.44211930136,464.159862739426,595.966997971489,1300.70466281185,2281.43486072302,1294.34712732496,1729.63959462402,1126.88301624811,2422.74661277751,213.285716372743,759.317628445348,979.858791272561,552.746942344393,1342.39046815467,2383.97829886196,671.175128118536,1955.74524618088,1702.78496163157,1775.61216389956,929.168455849588
"(47.19995117195427, 19.357628627745918)",675.356786407085,1525.76367903982,401.195907031467,930.75766368729,1146.51741593964,356.363855921985,675.068287413581,390.739746186589,412.738782950877,1182.36016761967,1344.22089008671,1971.09250823235,1333.85777747614,792.110637621915,844.683984212866,0,3014.53053007873,2049.57996883336,753.410685140206,1132.27648910555,760.343321356692,952.744726759268,1028.74098785635,648.878541859316,1364.55549484298,685.542587003168,1036.48068061396,490.224299508498,1144.98579976731,1750.75051726321,550.3743933951,2358.88848305498,453.671945816193,1578.31195181578,694.675294343812,348.836026435823,170.129071777022,358.6472649621,1990.82780600448,1746.45730863676,855.34708734308,1563.7432495012,908.079438469734,1732.41099620885,943.82159830081
"(65.07427633529105, -18.761028770831768)",3613.32230628007,2831.3247086861,2752.71875953621,2870.95613253364,2096.0322909401,3230.22548501409,3680.86799683623,3039.46548524269,2608.45361570229,1839.21053032785,2396.2117007466,2094.01680565639,2469.25135362099,2274.44135787722,3268.59837213752,3014.53053007873,0,1456.26615112554,3143.72888640565,2475.1334093806,2607.12761486322,2541.76584840481,2231.56076862375,3638.39882259365,3953.18163841544,3420.09802563624,2899.03820092785,3423.95235003225,1977.52908962737,1457.12036710379,2579.23425006632,2913.83641100133,3383.22559658314,3150.9918800055,3078.09000497586,3352.04373806413,2883.52884432071,2927.54424475307,2917.54235551757,1728.3375609668,2597.84961966062,4472.99570403424,3381.66145644276,1526.09730011712,3926.28598881742
"(53.18059120995006, -8.010236544877012)",2487.8444048624,1394.15862928369,1679.58532474459,2371.77076718664,909.438385261708,2132.53356313591,2705.02154423849,1911.43006442685,1657.46557081521,1195.2899968883,2175.3005251584,2300.94565510134,1075.80416856535,1269.18926146439,1992.97932242925,2049.57996883336,1456.26615112554,0,1888.59213825889,2118.9646841909,1402.4935778571,2074.25234268118,1040.57100373548,2558.71757236003,2630.87094024881,2652.94565847418,1560.05956536422,2321.58917023737,917.176527461855,1448.72870563596,1840.75289461024,1505.82482483001,2495.19357660028,2918.23770883586,1840.34104998772,2322.45377359231,1982.52224369949,1822.76620610372,1464.70018955075,1789.32662978299,1352.92541267942,3613.28981339543,2745.40473245052,351.379315121593,2812.50809052836
"(42.751183052964265, 12.140788372235871)",678.073261844331,891.532283653379,561.373522834273,1672.20850930548,1050.32595234174,485.881423324846,1067.66265398553,363.91497849667,818.470308558452,1489.48570876006,2006.12105230066,2579.96668282466,884.312564398222,942.410559081939,134.956773918469,753.410685140206,3143.72888640565,1888.59213825889,0,1804.41583875829,538.049005586984,1632.1542527675,912.870868396196,799.325533281212,827.281111356202,1372.18169275013,406.20267213513,584.64992017683,1171.8227822573,2146.52350187861,1175.04325613552,1724.85997735342,1076.85683020192,2329.39534955116,79.2460739134746,720.675822325816,876.555173760653,436.032334557492,1339.40030743178,2251.15666187942,550.28972782104,1971.91368958679,1635.82018415027,1659.55515531813,979.774870612555
"(56.80717513427924, 24.833296149803438)",1776.17574463964,2323.68553700666,1256.63019811891,418.587428869259,1494.15921117466,1488.271130827,1563.359002863,1461.37121429211,1004.91491412763,924.52064335774,212.892150128327,860.864929105751,1976.6236042206,1140.87445473206,1922.25411343937,1132.27648910555,2475.1334093806,2118.9646841909,1804.41583875829,0,1505.97366481739,179.647339147723,1474.99489171029,1705.48563782967,2496.31402821478,1096.03436552233,1935.9907633363,1608.1764584546,1341.38513182807,1018.30828597479,629.711088425944,3051.83530668213,1218.2622336582,799.27304361465,1729.76171486015,1426.76673987878,967.677615934848,1369.87972490758,2749.16355487088,811.760487165609,1595.52410677183,2111.24674442259,953.452279648372,1772.33765190738,1978.60331810661
"(47.16, 9.32)",1085.40650173679,833.08000036326,362.583893713075,1498.25334971762,520.887264940885,739.724127234063,1341.95988199325,515.566971165728,531.152317967785,991.387686729001,1683.82892253138,2186.10703041296,575.467520874349,447.529253148456,667.183787788933,760.343321356692,2607.12761486322,1402.4935778571,538.049005586984,1505.97366481739,0,1355.91648289468,381.380314529995,1161.47421258218,1360.9428365887,1443.40311282349,444.412238528928,923.042109395322,633.840057032611,1652.45858192619,908.745599307253,1631.86444533016,1205.75002230879,2166.63177093033,470.965297691697,951.803745167799,780.122938412275,445.131294634895,1285.01995705272,1800.79426239784,100.182895773314,2270.40432973193,1639.14643646456,1141.48816712579,1410.01693877065
"(55.284319484766066, 23.88064027584349)",1597.7775193192,2181.5971625204,1090.01837196822,331.743057515916,1389.67553149917,1308.83487134426,1396.83541140744,1285.71051575706,842.735358023437,883.826932768012,392.301815418137,1035.24679369669,1848.27687031431,1016.50637696852,1748.15852151852,952.744726759268,2541.76584840481,2074.25234268118,1632.1542527675,179.647339147723,1355.91648289468,0,1356.86081322924,1529.36603006002,2316.96421737894,952.506686045097,1778.75092704543,1428.83336063476,1251.17983491556,1095.55072669685,461.158182037917,2929.0435368947,1051.34503603367,867.967347810867,1558.37712537988,1248.48010452242,788.636553547444,1196.65195998868,2615.60491461361,935.595329168783,1448.3539925206,1988.06460425788,846.561673943677,1723.79916704979,1805.05334619489
"(49.76570507415103, 5.965223432343999)",1455.01909883212,904.565057057132,642.903704876975,1572.95117916292,139.61930236012,1092.88035088524,1668.30922347638,873.583478887541,674.496231521794,748.345468412377,1619.28268430947,2029.22199022891,512.933016834075,342.624310917123,1037.06255466271,1028.74098785635,2231.56076862375,1040.57100373548,912.870868396196,1474.99489171029,381.380314529995,1356.86081322924,0,1519.59361557181,1724.89541056823,1676.96137907233,709.905327354883,1283.54302430498,283.577354500254,1384.68063526451,972.854878178579,1576.95091461781,1481.69296616069,2216.17823343278,849.697053365303,1283.14758877435,991.399716170946,782.261545615217,1288.06689808591,1589.97340980703,367.241871253462,2585.52906115823,1824.24095871192,762.308075345759,1779.79052603753
"(41.60592964714007, 21.697903375280845)",148.574348656798,1688.93367736632,900.10882693307,1403.71818577442,1654.94083186385,426.890166940327,315.748098241766,647.531758215907,1033.56305336904,1821.24701815196,1917.0521862048,2564.57126167062,1653.60106135352,1372.36983308934,785.952413724886,648.878541859316,3638.39882259365,2558.71757236003,799.325533281212,1705.48563782967,1161.47421258218,1529.36603006002,1519.59361557181,0,931.835716277539,819.6277800856,1203.73348125134,238.623098945199,1704.7348525263,2399.53733572128,1185.83708360863,2514.64173652839,539.758693681198,1952.61026327876,802.555250762015,300.523023045332,809.7889884413,739.391321126674,2127.52478367772,2383.36377992913,1226.63050306199,1173.19387251317,1120.78881187024,2274.12673273571,295.018995183915
"(35.5, 14.35)",799.00645834892,1358.2309518063,1345.62989772941,2266.72527805049,1858.09283082968,1008.22315896578,1234.21802352192,1069.02496632836,1587.79963346644,2310.75152786051,2707.65873577175,3323.52865067138,1560.69346985853,1767.16040367508,694.51917705345,1364.55549484298,3953.18163841544,2630.87094024881,827.281111356202,2496.31402821478,1360.9428365887,2316.96421737894,1724.89541056823,931.835716277539,0,1747.85162510423,1072.10663869566,914.415148364015,1993.44260015895,2962.6385316824,1891.19930025444,2026.17469984534,1454.94346862983,2863.00566598677,901.950191908584,1115.64262641152,1528.90630566085,1180.9947407537,1665.27426521695,3041.29669834956,1357.65598634299,1879.25053093041,2048.39437795781,2444.53423408934,840.691237691229
"(47.20367642606752, 28.41048279080328)",949.049429139489,2202.62791309257,1081.28677902414,701.742956798985,1779.48372597609,890.006266350525,555.706272644552,1038.08425465548,1006.43757591278,1609.55055421139,1284.66548017504,1930.79335798503,2018.28623351316,1387.69409136916,1428.44211930136,685.542587003168,3420.09802563624,2652.94565847418,1372.18169275013,1096.03436552233,1443.40311282349,952.506686045097,1676.96137907233,819.6277800856,1747.85162510423,0,1705.90982175936,869.9166343395,1736.00001810967,2016.30478221464,855.497758078636,3039.86679415464,305.187884754267,1144.81437421945,1330.50285016085,676.530213308082,685.605420654492,1036.67365039876,2667.37248988086,1887.73938427874,1539.73863893042,1054.79301933258,301.161044518368,2315.53690624061,1014.96641791802
"(43.44, 7.24)",1084.27559105981,501.497705642695,706.906812322147,1887.14188009992,826.741326452924,854.399795081274,1460.9396151506,669.10455176392,937.271122464335,1416.60449671754,2120.07391500883,2630.51152039624,503.110131213358,885.693529929942,464.159862739426,1036.48068061396,2899.03820092785,1560.05956536422,406.20267213513,1935.9907633363,444.412238528928,1778.75092704543,709.905327354883,1203.73348125134,1072.10663869566,1705.90982175936,0,982.232563521419,993.344121745268,2073.27313706495,1321.51134384692,1342.24535531266,1426.68393164211,2557.1726234766,405.471324526986,1094.44880601178,1114.0737561306,678.022213642068,963.294831761271,2239.46299902556,378.842012922689,2374.52957103515,1944.45890615215,1378.75336338829,1382.73721416866
"(42.78903960655908, 19.2861817215929)",193.18256324211,1475.59473155571,674.270666098419,1353.70239938408,1419.73297167534,195.022388706583,483.522206137548,410.20626741799,833.839186286689,1623.1047739156,1821.04763988347,2456.36780247008,1419.54339695883,1151.2431192746,595.966997971489,490.224299508498,3423.95235003225,2321.58917023737,584.64992017683,1608.1764584546,923.042109395322,1428.83336063476,1283.54302430498,238.623098945199,914.415148364015,869.9166343395,982.232563521419,0,1476.10917726977,2223.89291363734,1040.55779769255,2309.26832314378,565.326959249734,1952.85213406797,577.230099528505,202.757999651017,660.1759121462,506.991600447461,1923.36394575003,2234.99192356131,988.126848741281,1393.43200011299,1162.4214284023,2040.49948245434,504.390701214376
"(52.298700374441786, 5.512217100965399)",1658.33284313051,1155.85160293779,804.785032679177,1511.53149320853,194.249150147865,1281.29274745072,1813.362622149,1075.12071498301,743.195926803534,506.568930779617,1457.77539595741,1803.32653379694,745.653873755218,354.545572857948,1300.70466281185,1144.98579976731,1977.52908962737,917.176527461855,1171.8227822573,1341.38513182807,633.840057032611,1251.17983491556,283.577354500254,1704.7348525263,1993.44260015895,1736.00001810967,993.344121745268,1476.10917726977,0,1113.31467505569,941.66868978234,1750.95398134263,1583.2746226434,2119.00159461613,1103.30607462253,1442.70022890124,1067.09284125367,969.593516350532,1500.16136113922,1341.50397238939,640.753120376002,2705.935775111,1839.19998815285,587.985525396849,1979.83894905023
"(62.0, 10.0)",2416.07139100256,2266.68972114959,1621.94110070826,1419.99050649304,1306.11527129119,2047.50958373746,2364.75351865743,1911.85033651618,1400.25498917044,661.287076510496,947.92515164823,858.072461769636,1853.18500118055,1210.095492121,2281.43486072302,1750.75051726321,1457.12036710379,1448.72870563596,2146.52350187861,1018.30828597479,1652.45858192619,1095.55072669685,1384.68063526451,2399.53733572128,2962.6385316824,2016.30478221464,2073.27313706495,2223.89291363734,1113.31467505569,0,1231.09850890856,2772.51049188693,2036.06221232313,1720.97162312134,2068.3936163602,2099.13905650977,1592.05320484342,1794.97494768521,2577.71797650168,352.640463997571,1697.06402828953,3068.51527122497,1941.8048052636,1174.67765609913,2694.32550196619
"(52.14826021933187, 19.31101430844868)",1224.79803925177,1740.85803789675,628.862947477918,603.222117907036,1036.65127134343,892.823490496538,1133.96340932308,837.372521332156,384.261462506268,754.465871221189,831.752622051682,1432.36016374515,1432.69033381666,634.274465451153,1294.34712732496,550.3743933951,2579.23425006632,1840.75289461024,1175.04325613552,629.711088425944,908.745599307253,461.158182037917,972.854878178579,1185.83708360863,1891.19930025444,855.497758078636,1321.51134384692,1040.55779769255,941.66868978234,1231.09850890856,0,2515.25426794296,811.412419138417,1262.95128429744,1100.1137348949,887.188983365083,380.860172700819,741.600369488612,2185.70382473402,1198.37652270388,1004.68414971075,1897.71167580358,905.227972704574,1493.63487313503,1477.61232252136
"(39.63404977497817, -8.055765588295687)",2380.45544270107,840.782756794793,1984.60570299213,3116.77653072349,1572.54850488738,2195.39150497564,2792.51437271805,2009.15784199302,2155.70591606524,2252.19507160955,3193.25404856839,3543.73817290871,1083.11496807047,1913.16583384143,1729.63959462402,2358.88848305498,2913.83641100133,1505.82482483001,1724.85997735342,3051.83530668213,1631.86444533016,2929.0435368947,1576.95091461781,2514.64173652839,2026.17469984534,3039.86679415464,1342.24535531266,2309.26832314378,1750.95398134263,2772.51049188693,2515.25426794296,0,2767.33272067591,3776.95728294419,1741.86594883196,2435.33669193098,2406.98870049156,2003.37973272289,387.25834196977,3058.78989859326,1531.69226479412,3685.29881957098,3261.47914841767,1635.38330457705,2640.47092045412
"(45.857101035738005, 24.943252494635377)",657.173585355651,1927.0809011637,852.446968676582,878.353007824463,1597.1325119069,591.545464834852,345.493393018939,758.192300827726,840.236821594727,1545.77926097997,1424.01797444955,2077.31991947738,1773.4364994706,1228.73963426232,1126.88301624811,453.671945816193,3383.22559658314,2495.19357660028,1076.85683020192,1218.2622336582,1205.75002230879,1051.34503603367,1481.69296616069,539.758693681198,1454.94346862983,305.187884754267,1426.68393164211,565.326959249734,1583.2746226434,2036.06221232313,811.412419138417,2767.33272067591,0,1413.88401891109,1040.12884513659,371.577502532121,520.192486615931,775.210873749099,2389.9759017816,1959.86937562471,1297.33908937545,1124.7771155878,598.167866340134,2171.0087753494,776.054367795962
"(55.76, 37.62)",2069.58413278578,2999.64592972914,1850.28172841825,670.373719626681,2255.9014517239,1905.02328612216,1700.2748143889,1965.48703908172,1635.64255603526,1723.56397833659,780.551597351538,1158.53581935051,2693.86371774436,1873.71665184533,2422.74661277751,1578.31195181578,3150.9918800055,2918.23770883586,2329.39534955116,799.27304361465,2166.63177093033,867.967347810867,2216.17823343278,1952.61026327876,2863.00566598677,1144.81437421945,2557.1726234766,1952.85213406797,2119.00159461613,1720.97162312134,1262.95128429744,3776.95728294419,1413.88401891109,0,2266.05976692421,1750.13753219354,1457.23249247445,1907.0454787677,3448.1541114611,1422.6568850529,2264.36791353131,1865.02549468149,853.552738096737,2571.3525629561,2159.64977808098
"(43.46, 12.25)",691.140528441817,903.163358963712,483.171867705439,1605.90609047748,988.229397457543,454.853133295148,1055.58273814078,304.083475348253,740.544074230114,1412.03136270567,1930.51559236244,2501.73858687902,858.873110910549,865.854065674341,213.285716372743,694.675294343812,3078.09000497586,1840.34104998772,79.2460739134746,1729.76171486015,470.965297691697,1558.37712537988,849.697053365303,802.555250762015,901.950191908584,1330.50285016085,405.471324526986,577.230099528505,1103.30607462253,2068.3936163602,1100.1137348949,1741.86594883196,1040.12884513659,2266.05976692421,0,694.114964827691,810.280112773474,364.619075896037,1358.80389546225,2171.91364113357,492.563863354012,1970.38887807628,1587.39600201054,1602.30982955123,1002.81829730863
"(44.23303653365162, 20.819651926382583)",349.446687374876,1595.3791701986,643.696597990061,1156.00491721762,1413.1294972232,240.058999339989,390.172373968697,448.10325198848,743.606072627418,1526.72031352232,1639.46713948091,2281.43726804431,1490.25902266568,1099.72431061451,759.317628445348,348.836026435823,3352.04373806413,2322.45377359231,720.675822325816,1426.76673987878,951.803745167799,1248.48010452242,1283.14758877435,300.523023045332,1115.64262641152,676.530213308082,1094.44880601178,202.757999651017,1442.70022890124,2099.13905650977,887.188983365083,2435.33669193098,371.577502532121,1750.13753219354,694.114964827691,0,509.556414790312,507.709822608555,2052.87741850191,2085.45985853872,1031.11019878238,1319.47062117914,964.373355510573,2022.60829959786,595.189163955182
"(48.7267113517275, 19.507657147433708)",843.975920859044,1586.48768265365,422.405574285589,795.77737203601,1096.15609073972,521.719044013511,797.444045480318,514.896404544639,325.370746396042,1045.09029253198,1178.75762594126,1801.99060013186,1353.53029315769,713.399583580533,979.858791272561,170.129071777022,2883.52884432071,1982.52224369949,876.555173760653,967.677615934848,780.122938412275,788.636553547444,991.399716170946,809.7889884413,1528.90630566085,685.605420654492,1114.0737561306,660.1759121462,1067.09284125367,1592.05320484342,380.860172700819,2406.98870049156,520.192486615931,1457.23249247445,810.280112773474,509.556414790312,0,449.864486561174,2049.00842207998,1578.34504428256,879.636956240577,1644.87833006226,859.169735239152,1653.73224315278,1103.64264694021
"(46.12542205901039, 14.938152320795732)",689.345559570069,1168.00694420602,178.046340850074,1243.60187463226,916.223678477687,312.93288916657,897.552857653464,117.411850412154,406.898459801383,1160.34097214115,1573.35259654888,2159.92715063972,1000.09014254856,653.641189191891,552.746942344393,358.6472649621,2927.54424475307,1822.76620610372,436.032334557492,1369.87972490758,445.131294634895,1196.65195998868,782.261545615217,739.391321126674,1180.9947407537,1036.67365039876,678.022213642068,506.991600447461,969.593516350532,1794.97494768521,741.600369488612,2003.37973272289,775.210873749099,1907.0454787677,364.619075896037,507.709822608555,449.864486561174,0,1633.11894020593,1860.30211635765,528.943044943679,1825.3528033045,1266.7221997353,1534.751726565,1010.25491894302
"(40.348656106226734, -3.6170206023873743)",1993.19781639244,465.113070982305,1627.50516154931,2781.87902331938,1310.35948215876,1813.25894225771,2406.7973150334,1632.24173860947,1815.23512461037,2006.65322255761,2903.89851615056,3303.05384639629,775.94121817912,1609.54948031638,1342.39046815467,1990.82780600448,2917.54235551757,1464.70018955075,1339.40030743178,2749.16355487088,1285.01995705272,2615.60491461361,1288.06689808591,2127.52478367772,1665.27426521695,2667.37248988086,963.294831761271,1923.36394575003,1500.16136113922,2577.71797650168,2185.70382473402,387.25834196977,2389.9759017816,3448.1541114611,1358.80389546225,2052.87741850191,2049.00842207998,1633.11894020593,0,2837.23837024611,1185.812884101,3298.04087631628,2897.28370715096,1509.27653044499,2254.70634261038
"(62.811484968080336, 16.59626584684802)",2421.81264261363,2492.14019716489,1699.13356912777,1230.28737404539,1535.0725257356,2074.95510718273,2301.49528447337,1973.05245117002,1453.55471327438,841.843160861135,683.868077161995,511.631491102802,2086.24887329715,1354.24644003638,2383.97829886196,1746.45730863676,1728.3375609668,1789.32662978299,2251.15666187942,811.760487165609,1800.79426239784,935.595329168783,1589.97340980703,2383.36377992913,3041.29669834956,1887.73938427874,2239.46299902556,2234.99192356131,1341.50397238939,352.640463997571,1198.37652270388,3058.78989859326,1959.86937562471,1422.6568850529,2171.91364113357,2085.45985853872,1578.34504428256,1860.30211635765,2837.23837024611,0,1860.98712476535,2919.89881819377,1764.9984538314,1498.60547386727,2673.48952938119
"(46.79173768366762, 8.118300613385486)",1141.89745212856,736.177738048892,460.450590250169,1596.61279718966,501.925550049045,811.158681725186,1420.90988297852,587.491910898905,629.573140015285,1038.71775388139,1769.81562928358,2258.71770910796,478.580813852771,508.284572993131,671.175128118536,855.34708734308,2597.84961966062,1352.92541267942,550.28972782104,1595.52410677183,100.182895773314,1448.3539925206,367.241871253462,1226.63050306199,1357.65598634299,1539.73863893042,378.842012922689,988.126848741281,640.753120376002,1697.06402828953,1004.68414971075,1531.69226479412,1297.33908937545,2264.36791353131,492.563863354012,1031.11019878238,879.636956240577,528.943044943679,1185.812884101,1860.98712476535,0,2350.56942556742,1738.4451253802,1110.02491040695,1464.9158448395
"(39.06837194061471, 35.116900150938406)",1304.8438777382,2862.12749792439,1943.45333603934,1694.37270964647,2708.1454696452,1545.73681343047,929.856369850987,1765.42565170247,1963.94956667405,2650.29049791534,2276.11682286767,2889.46703453794,2804.95539059076,2351.53869616497,1955.74524618088,1563.7432495012,4472.99570403424,3613.28981339543,1971.91368958679,2111.24674442259,2270.40432973193,1988.06460425788,2585.52906115823,1173.19387251317,1879.25053093041,1054.79301933258,2374.52957103515,1393.43200011299,2705.935775111,3068.51527122497,1897.71167580358,3685.29881957098,1124.7771155878,1865.02549468149,1970.38887807628,1319.47062117914,1644.87833006226,1825.3528033045,3298.04087631628,2919.89881819377,2350.56942556742,0,1162.10658802439,3293.92129058193,1072.05983336588
"(49.14882260840351, 31.229122070266495)",1249.4144908092,2432.52350199775,1279.17662111884,534.903976469229,1911.37508152584,1163.24970196062,850.386042561337,1286.75932238523,1152.17722535266,1629.05052016618,1114.03127646866,1735.77907037267,2212.58433363382,1507.87233204695,1702.78496163157,908.079438469734,3381.66145644276,2745.40473245052,1635.82018415027,953.452279648372,1639.14643646456,846.561673943677,1824.24095871192,1120.78881187024,2048.39437795781,301.161044518368,1944.45890615215,1162.4214284023,1839.19998815285,1941.8048052636,905.227972704574,3261.47914841767,598.167866340134,853.552738096737,1587.39600201054,964.373355510573,859.169735239152,1266.7221997353,2897.28370715096,1764.9984538314,1738.4451253802,1162.10658802439,0,2398.83434246663,1309.24247272055
"(53.91477348053706, -2.8531353951805545)",2215.57079687669,1327.39360336793,1379.76664098543,2020.39171598222,623.29873994949,1847.55188403538,2398.12813014596,1632.13309456564,1330.78253951299,847.821633673482,1836.65993937714,2007.74257848928,946.166329390079,942.448601204163,1775.61216389956,1732.41099620885,1526.09730011712,351.379315121593,1659.55515531813,1772.33765190738,1141.48816712579,1723.79916704979,762.308075345759,2274.12673273571,2444.53423408934,2315.53690624061,1378.75336338829,2040.49948245434,587.985525396849,1174.67765609913,1493.63487313503,1635.38330457705,2171.0087753494,2571.3525629561,1602.30982955123,2022.60829959786,1653.73224315278,1534.751726565,1509.27653044499,1498.60547386727,1110.02491040695,3293.92129058193,2398.83434246663,0,2539.97380308268
"(39.066715899713955, 22.719813447095053)",324.881849124436,1840.82213221479,1178.64648582962,1654.33300338915,1917.465470025,699.394507221902,459.3832777878,908.05985114427,1325.78334593919,2114.59385201457,2188.38380254792,2839.38218759641,1861.13016311096,1655.1822475038,929.168455849588,943.82159830081,3926.28598881742,2812.50809052836,979.774870612555,1978.60331810661,1410.01693877065,1805.05334619489,1779.79052603753,295.018995183915,840.691237691229,1014.96641791802,1382.73721416866,504.390701214376,1979.83894905023,2694.32550196619,1477.61232252136,2640.47092045412,776.054367795962,2159.64977808098,1002.81829730863,595.189163955182,1103.64264694021,1010.25491894302,2254.70634261038,2673.48952938119,1464.9158448395,1072.05983336588,1309.24247272055,2539.97380308268,0
